02107
99999
2014035
2014030
9443-HSLO
2009182
2009181
2008057
2008054
2008055
2008052
2008053
2008058
2008059
98100
2012148
7212
9753
02123
97131
97130
97135
97134
97136
07116
2008037
06124
06125
06127
98129
98128
98123
98127
98126
98125
98124
2012160
87365-1
87365-3
87365-2
2009029
2009023
2009024
2009025
2009026
2014132
2014138
2014139
00129
47004
47005
47006
47007
47002
2008012
2008013
2008014
0792
 87365-4 
2012186
0132
98141
98140
98143
98142
98145
98144
98147
98146
98149
98148
2013162
2013160
2010121
2010120
9711
00101
9921
4417
4415
4413
4410
04119
97142
98165
98164
98163
98162
98161
98160
9736
2010107
2010106
2010101
2010100
9761.4
9761.3
9761.2
9761.1
91141
0328
2012027
2012028
2012029
4431
974
UA68
91392
03115
90184
07114
2012008
86173
4452
4450
4454
49010
49013
49012
49014
49019
7128
7129
7126
7121
0376
03130
0486
9443
0150
0629
07130
07132
07133
07134
07135
9533
2015048
2015047
2015046
2015045
2015040
0368
201070
0367
0623
9651
2014051
2014059
2008104
2008105
2008106
2008103
9887
9886
9885
9884
9888
775
0608
2009080
7130
2015061
2015062
2015064
2015067
2011127 
03174
2014071
2011002
2008128
2008129
2008127
2015049
88147
0669
0193
2013094
2013091
2015002
2015001
2015004
2009060
DA 2 H241 C948 Outsize S.F.
9894
9895
9892
9893
2014018
2008140
2008143
2008144
2008146
07147
2012018 
852277
0644
0645
0643
4512
4510
4511
2008035
2008036
2015028
2015027
2011078
0632
2012082
2012089
88260
20167
200978
2008161
2008166
2008165
2014150
05142
2014157
2013147
2009176
8662
852178_5
2011067
05136
9882
9881
 
9889
2010219
2010211
2010212
2010216
0217
0219
2016031
2016030
88223
0213
0215
0216
9883
8783
02158
2010203
2016021
2016022
2016023
2016024
9596
2008006
2008087
2008080
2009132
2009130
2009138
0584
0764
0761
0763
0762
07146
2014093
2014091
2014094
9844
7132
9878
0395
0396
0391
2013074
2016008
026
021
023
2011128
2008064
2008063
2008062
2008060
03167
2012114
20111113
9863
9862
9865
9864
9867
9866
0593
2011062  
2013050
97143.1
0778
725
2016029
UA94
0725
5859
2009055
2009056
07187
07186
97143
90130
0062
2008188
mf320bc
2008026
0298
0293
2012150
2013155
2013148
2014124
47013
47012
47010
47017
47016
47019
97123
9973
9970
9979
851831-f
86103
0088
0089
0084
0085
0086
0083
87282
2011140
04141
2008005
2008007
0505
98134
98135
98136
98137
98130
98131
98132
98133
98138
98139
2010122
07145
00111
2009018
97100
04129
0783
48001
48003
48002
9871
0781
0785
98152
98153
98150
98151
98156
98157
98154
98155
98158
98159
2013115
90157
2016015
2016014
2016011
9933
2012038
2008179
04108
2009091
2011098
0789
0788
2013138
2013136
2013131
2013132
2010113
2010110
2010114
2010115
07102
07105
2014149
2008090
0353
4444
4445
4448
4449
03126
03103
9839
07121
447
445
946
49002
49003
49001
49006
49004
49005
49008
49009
2008111
9896
9897
9890
9891
9898
9899
0633
0146
0638
852178.3
852178.2
852178.5
852178.4
2016003
2016006
2016004
2016005
2015058
2015057
2015050
2015051
2015053
2014169
88348
07161
2014164
2016016
49020
49021
49024
mf236cba
2014048
2008133
0617
0611
05134
05131
2009146
2013086
2013088
2008069
2008067
2008066
9879
9870
2011010
2011013
2008153
2008151
2008150
2008157
0456
0455
0453
0673
0675
2015017
05114
05116
05113
05118
2010109
2010108
2010105
2010104
2015015
9996
0240
2011030
2008068
87265.1
87265.5
87265.7
87265.6
87265.9
2008175
2008174
2008171
2008172
2008178
852265
0652
4505
4506
4501
4500
4503
4509
4508
2015039
2011151 
2015031
2015037
2015034
2015035
0220
0221
050015
0414
2008192
2008191
99113
99114
2010229
2010227
2010043
2010045
2010047
2009101
2009100
2008076
2008077
9869
9868
2011073
2013008
2013003
2010119
2010062
2010061
2010116
2010117
2009125
2009124
2009122
200860
0594
0776
0779
9851
9852
9853
9854
2014167
85214
87265.3
87265.2
2016019
2014147
87265.8
2014142
714
713
03117
86745p
9880
0577
0572
0573
0711
2014084
9876
9877
9874
9875
9872
0385
2011111
2011115
2008078
2008079
04122
87265.10